372 37
2445 27
1493 37
1385 55
1394 23
1867 15
896 91
254 87
2022 28
2006 18
1552 51
1871 14
2036 58
1650 39
2253 69
1502 48
809 65
1602 28
1934 8
968 92
576 70
317 23
2182 13
1940 54
1112 54
2126 22
765 32
1823 37
1958 11
1848 80
474 46
607 21
2143 66
2182 41
273 41
2374 81
798 6
1606 99
952 89
1333 32
154 65
386 8
1978 56
2402 64
1542 55
933 7
335 84
503 46
2136 83
1870 37
2490 55
2236 40
1564 54
826 29
844 66
1147 15
486 93
156 44
877 36
259 39
1582 54
1200 58
615 52
1790 83
1760 14
929 55
917 5
1384 63
555 40
1694 51
2022 37
534 29
1122 70
1868 97
860 98
577 41
433 35
739 54
1438 44
2123 88
2296 74
1462 66
1376 97
287 11
238 70
824 83
1025 54
827 60
706 90
533 17
413 72
1938 17
966 78
187 17
1208 23
2031 35
1934 85
705 12
2139 62
2216 26
1222 35
357 99
2393 71
1996 26
2349 91
1975 74
1549 54
2277 14
1835 85
1629 70
1362 12
2022 5
819 80
2218 22
1982 9
1058 95
2104 34
760 61
236 96
1780 53
1748 36
1305 45
831 36
577 81
2391 54
2499 33
560 67
1903 39
419 83
1206 56
704 69
2023 60
2473 62
2481 32
1556 91
676 68
884 56
2015 31
1712 6
1932 40
1150 23
2120 97
216 65
364 29
1947 83
253 77
2308 34
259 17
604 22
1702 47
2207 68
672 24
1211 61
863 90
1247 15
499 23
2443 47
2189 60
2450 58
222 5
369 11
960 57
692 82
624 31
1129 20
1841 59
965 38
710 35
1876 44
453 27
237 46
748 83
900 21
1310 33
1940 99
728 24
2300 86
1867 92
194 67
1499 21
395 73
1129 61
2135 78
1554 30
573 94
176 5
414 20
2298 76
1314 97
357 74
430 63
249 8
543 95
1988 48
596 97
2121 15
1148 50
912 46
570 76
1708 73
401 99
2214 33
1349 65
1824 50
2120 18
1397 94
954 36
500 98
2491 19
2106 62
1218 6
1646 11
2213 66
478 50
1095 24
205 91
1917 25
983 98
435 89
2498 38
1962 49
572 72
1091 20
2432 81
2067 22
711 89
505 74
2296 34
1971 28
2140 28
449 67
1702 82
1878 71
931 91
1399 44
1532 92
245 47
209 87
1429 43
613 55
519 99
809 59
1162 21
2376 88
716 21
1255 55
602 17
1735 43
1370 35
1696 77
1985 52
155 51
360 62
480 83
992 30
695 49
670 95
1799 58
1613 49
2474 80
1944 97
1265 7
1434 97
1597 44
193 65
1197 7
2383 83
724 83
271 91
2342 63
646 53
1579 66
1864 23
649 69
1079 44
2236 66
1721 49
864 76
2314 24
2251 94
420 59
1513 27
477 59
547 88
329 98
1832 27
2107 29
2085 70
205 99
1249 73
955 47
2052 86
966 53
2259 48
2210 16
1944 46
1164 56
868 88
466 9
219 86
