2430 39
2088 136
544 88
2213 84
270 71
527 184
603 109
323 181
1687 173
644 83
277 25
960 86
2191 96
2028 57
262 82
922 170
415 175
353 93
1691 162
1008 16
867 182
2132 9
837 176
389 131
1368 127
1904 193
1229 75
1349 52
2422 45
1965 140
814 52
2421 13
1300 113
918 103
469 125
322 196
1810 159
774 194
1014 163
2358 158
2317 108
215 108
1331 189
485 5
2290 101
539 39
605 118
1586 121
429 16
286 156
1449 88
443 79
774 6
1464 198
551 117
1514 106
980 12
2188 18
2310 86
1633 47
2015 132
340 161
2013 139
262 42
2303 190
1489 57
701 40
1017 123
1803 127
2263 134
695 139
1724 109
1727 105
639 188
2111 72
1588 50
681 73
151 197
991 20
1104 111
1161 182
1211 37
730 176
1659 125
1498 111
1231 96
238 44
1270 75
860 90
1716 119
1812 13
872 68
1888 104
1158 140
1305 102
1038 51
2241 55
1899 170
1867 49
650 58
1304 70
1900 148
365 40
1984 80
2124 65
236 74
1169 46
1137 136
526 68
1021 40
682 68
708 19
650 18
1425 108
1028 63
975 26
2270 98
2494 48
596 80
309 70
2064 89
1953 75
460 45
1611 89
1829 45
2118 65
385 98
2337 124
875 43
1602 143
